100
-2
-100
13
97
-36
-86
66
59
-93
-10
98
-52
-61
97
-17
-81
90
-6
-82
92
-21
-66
100
-59
-22
86
-97
52
18
-77
100
-81
32
25
-72
97
-97
75
-40
0
37
-66
87
-97
100
-97
90
-81
72
-63
57
-52
50
-51
54
-59
66
-75
84
-92
98
-100
95
-81
58
-25
-13
52
-84
100
-92
59
-6
-51
91
-97
61
6
-72
100
-70
-6
79
-97
41
51
-100
59
40
-100
54
52
-99
25
82
-81
-32
100
-18
-92
54
75
-75
-59
85
51
-87
-52
82
63
-70
-81
44
97
-3
-97
-50
66
93
0
-92
-75
26
97
69
-25
-95
-81
-2
77
98
52
-26
-86
-98
-59
6
66
98
92
57
6
-44
-81
-99
-97
-79
-52
-21
10
37
59
75
86
93
97
99
100
100
100
100
100
99
97
93
86
75
59
37
10
-21
-52
-79
-97
-99
-81
-44
6
57
92
98
66
6
-59
-98
-86
-26
52
98
77
-2
-81
-95
-25
69
97
26
-75
-92
0
93
66
-50
-97
-3
97
44
-81
-70
63
82
-52
-87
51
85
-59
-75
75
54
-92
-18
100
-32
-81
82
25
-99
52
54
-100
40
59
-100
51
41
-97
79
-6
-70
100
-72
6
61
-97
91
-51
-6
59
-92
100
-84
52
-13
-25
58
-81
95
-100
98
-92
84
-75
66
-59
54
-51
50
-52
57
-63
72
-81
90
-97
100
-97
87
-66
37
0
-40
75
-97
97
-72
25
32
-81
100
-77
18
52
-97
86
-22
-59
100
-66
-21
92
-82
-6
90
-81
-17
97
-61
-52
98
-10
-93
59
66
-86
-36
97
13
-100
-2
100
2
-100
-13
97
36
-86
-66
59
93
-10
-98
-52
61
97
17
-81
-90
-6
82
92
21
-66
-100
-59
22
86
97
52
-18
-77
-100
-81
-32
25
72
97
97
75
40
0
-37
-66
-87
-97
-100
-97
-90
-81
-72
-63
-57
-52
-50
-51
-54
-59
-66
-75
-84
-92
-98
-100
-95
-81
-58
-25
13
52
84
100
92
59
6
-51
-91
-97
-61
6
72
100
70
-6
-79
-97
-41
51
100
59
-40
-100
-54
52
99
25
-82
-81
32
100
18
-92
-54
75
75
-59
-85
51
87
-52
-82
63
70
-81
-44
97
3
-97
50
66
-93
0
92
-75
-26
97
-69
-25
95
-81
2
77
-98
52
26
-86
98
-59
-6
66
-98
92
-57
6
44
-81
99
-97
79
-52
21
10
-37
59
-75
86
-93
97
-99
100
-100
100
-100
100
-99
97
-93
86
-75
59
-37
10
21
-52
79
-97
99
-81
44
6
-57
92
-98
66
-6
-59
98
-86
26
52
-98
77
2
-81
95
-25
-69
97
-26
-75
92
0
-93
66
50
-97
3
97
-44
-81
70
63
-82
-52
87
51
-85
-59
75
75
-54
-92
18
100
32
-81
-82
25
99
52
-54
-100
-40
59
100
51
-41
-97
-79
-6
70
100
72
6
-61
-97
-91
-51
6
59
92
100
84
52
13
-25
-58
-81
-95
-100
-98
-92
-84
-75
-66
-59
-54
-51
-50
-52
-57
-63
-72
-81
-90
-97
-100
-97
-87
-66
-37