5300
-106
-14400
871
45541
46283
-14385
-39783
7414
30548
-6056
-21242
8576
12863
-8323
-6699
6547
3859
-5325
-2297
6132
-557
-5684
5029
1309
-5596
3818
820
-2885
2260
-480
-798
-721
1171
-1082
-633
3238
-4552
3383
-1459
-1349
3592
-4730
4111
-3162
1455
-156
-19
990
170
-684
1483
-2408
3180
-3357
4299
-3751
4293
-4405
4127
-4088
4081
-3985
3303
-2798
2251
-1352
296
275
-346
614
902
-1951
3450
-4514
4538
-2790
733
2305
-4342
3861
-2412
367
1515
-1293
-190
265
571
-3035
2834
1279
-4644
4795
1015
-6022
4050
2742
-6183
-501
6343
-536
-8479
2775
12752
-7752
-16144
16358
18523
-26217
-19975
36366
23389
-44495
-30573
49187
43515
-47167
-63088
30844
81528
3204
-86142
-51798
58814
93092
5995
-90774
-80585
21366
100075
75313
-22504
-97731
-86058
-4126
78022
100122
52919
-26075
-86188
-96166
-56633
7719
65573
94426
87532
52271
3291
-44278
-79176
-95622
-93317
-76231
-50015
-19923
10054
37003
59064
75692
87395
95140
99932
102662
103946
104372
104440
104372
103946
102662
99932
95140
87395
75692
59064
37003
10054
-19923
-50015
-76231
-93317
-95622
-79176
-44278
3291
52271
87532
94426
65573
7719
-56633
-96166
-86188
-26075
52919
100122
78022
-4126
-86058
-97731
-22504
75313
100075
21366
-80585
-90774
5995
93092
58814
-51798
-86142
3204
81528
30844
-63088
-47167
43515
49187
-30573
-44495
23389
36366
-19975
-26217
18523
16358
-16144
-7752
12752
2775
-8479
-536
6343
-501
-6183
2742
4050
-6022
1015
4795
-4644
1279
2834
-3035
571
265
-190
-1293
1515
367
-2412
3861
-4342
2305
733
-2790
4538
-4514
3450
-1951
902
614
-346
275
296
-1352
2251
-2798
3303
-3985
4081
-4088
4127
-4405
4293
-3751
4299
-3357
3180
-2408
1483
-684
170
990
-19
-156
1455
-3162
4111
-4730
3592
-1349
-1459
3383
-4552
3238
-633
-1082
1171
-721
-798
-480
2260
-2885
820
3818
-5596
1309
5029
-5684
-557
6132
-2297
-5325
3859
6547
-6699
-8323
12863
8576
-21242
-6056
30654
2114
-40654
-144
50000
1856
-59346
-10886
66346
29944
-64758
-57424
46137
84677
-3301
-91453
-55859
55675
99297
23132
-80443
-95684
-11029
83309
97596
24818
-66820
-102885
-61260
21520
86798
96279
50829
-19082
-76367
-96762
-76448
-28617
26459
70651
93408
92270
70889
36838
-1455
-37156
-65981
-86010
-97170
-100684
-98483
-92408
-84180
-75357
-67299
-60751
-56293
-54405
-55127
-58088
-63081
-69985
-78303
-86798
-94251
-99352
-100296
-94725
-80654
-57386
-25902
11049
48550
79486
95462
89210
58267
8305
-46658
-87139
-94588
-60633
4485
70707
100190
70265
-6571
-82035
-99834
-39721
55644
104795
57985
-46022
-104050
-51258
58183
98499
18657
-82536
-72521
34775
87248
10248
-75856
-37642
56477
48783
-39025
-48634
27611
42505
-21427
-32813
19485
22833
-17912
-13156
15472
6204
-10858
-1798
7186
92
-5995
1226
5585
-4634
-3075
6313
-2496
-2731
5058
-2126
-1022
2122
-919
-75
188
1834
-2367
1719
427
-3574
4468
-4729
2709
-278
-1824
3378
-3683
2769
-1985
1077
-54
3
-64
692
-1395
2140
-2932
3662
-3946
4372
-4440
4372
-3946
3662
-2932
2140
-1395
692
-64
3
-54
1077
-1985
2769
-3683
3378
-1824
-278
2709
-4729
4468
-3574
427
1719
-2367
1834
188
-75
-919
2122
-1022
-2126
5058
-2731
-2496
6313
-3075
-4634
5585
1226
-5995
92
7186
-1798
-10858
6204
15472
-13156
-17912
22833
19485
-32813
-21427
42505
27611
-48634
-39025
48783
56477
-37642
-75856
10248
87248
34775
-72521
-82536
18657
98499
58183
-51258
-104050
-46022
57985
104795
55644
-39721
-99834
-82035
-6571
70265
100190
70707
4485
-60633
-94588
-87139
-46658
8305
58267
89210
95462
79486
48550
11049
-25902
-57386
-80654
-94725
-100296
-99352
-94251
-86798
-78303
-69985
-63081
-58088
-55127
-54405
-56293
-60751
-67299
-75357
-84180
-92408
-98483