1000
1080
78
-192
297
-256
-1179
-651
56
-624
-895
-127
-410
-906
-212
-357
-934
-190
-355
-984
-113
-435
-985
9
-643
-824
46
-942
-447
-219
-1004
-47
-753
-617
-347
-597
725
79
817
549
509
511
149
1134
-13
861
137
1057
-54
977
398
414
-560
-134
-820
-422
-822
28
-883
-256
-895
139
-1114
-94
-787
-352
-764
-319
700
-134
1064
282
640
413
68
1140
-47
453
780
48
852
385
454
639
-771
-402
-106
-1177
-386
134
-923
-658
105
-771
-775
29
-633
-981
-304
42
-60
202
1107
724
-126
391
957
747
-333
259
1364
627
-240
-17
1184
1206
59
-78
226
1027
1282
423
1
-223
539
1099
1346
1240
-1139
-1865
-638
290
914
1893
2252
-612
-3277
-2602
-1806
-561
2394
4914
3919
2108
784
-2672
-4858
-5016
-5636
-4155
-1631
8
2767
4159
4627
6805
6973
6294
6063
4220
4054
3459
3128
2590
-452
-1496
-3329
-3579
-3648
-4154
-5632
-10157
-13215
-16836
-17005
-17845
-15568
-14687
-12199
-9953
-6309
-4947
-4894
-8038
-12045
-17780
-19768
-19931
-15900
-12995
-8691
-7970
-7486
-8966
-8507
-6965
-4858
-72
3076
7770
11466
15965
18946
17751
17256
15860
16036
16806
14466
12741
10308
6617
3277
-2073
-6550
-9155
-14151
-17817
-16580
-15254
-15266
-14696
-15524
-17788
-17239
-13460
-9730
-5817
-928
1999
4055
9681
15141
16339
16870
16640
14809
14805
15331
16479
17912
14387
9564
5679
1191
-1540
-6308
-10942
-13578
-15464
-14516
-15607
-16376
-18030
-19009
-17923
-15802
-10559
-7358
-2886
-501
3377
5016
8398
10158
11500
10472
10385
9918
11793
13753
16926
16777
16234
13325
12600
10246
10701
10234
10630
10214
10109
11770
11137
11653
9257
6546
4038
1975
3292
2923
2713
2250
-457
-1623
-2771
-3031
-1819
-2593
-2765
-1854
-2168
-850
1472
1512
1192
2047
1243
-212
-357
-1130
-1952
-1066
535
1153
632
761
347
-1240
-1507
-162
1528
754
-556
-345
-136
-113
-131
488
620
-449
-527
-136
196
213
-168
410
208
-631
-1225
-159
1915
1286
-547
-1167
-1260
-1358
-368
2670
3488
1055
-457
-1978
-4032
-4071
-913
1560
2955
5378
5204
3272
2030
-975
-3699
-4841
-6451
-6154
-5416
-5989
-4164
-2270
-1134
965
994
1701
2141
2984
5321
4851
5075
3765
3065
3366
4937
8544
9856
11732
11253
13012
13328
16311
17750
19101
18302
18316
17236
16882
15758
15923
14087
13762
12396
13026
10755
9422
6150
4912
3610
3652
3168
-898
-4258
-8605
-9775
-10248
-9272
-6809
-6907
-6381
-8183
-11088
-11323
-11107
-8960
-7028
-5921
-517
5673
9053
12185
13460
11373
8000
4733
4162
7074
9811
11354
12560
11431
7776
3667
-711
-5035
-9077
-12407
-12304
-10310
-9431
-6397
-3354
-5536
-9230
-12571
-13820
-10614
-7849
-3864
1760
5555
9430
10180
10375
10514
9288
9192
6988
6750
6710
8851
10157
9436
7997
4099
901
-3411
-4459
-7128
-7307
-8420
-6904
-7789
-7558
-11016
-14284
-19868
-21825
-22795
-20846
-18872
-15924
-13559
-12511
-10222
-9513
-8003
-9510
-9829
-10757
-10861
-8095
-6483
-4276
-4590
-5453
-4948
-5440
-3813
-1294
-659
327
808
664
2044
2665
2217
2360
756
-1062
-448
-1214
-2275
-1086
239
294
1018
1982
702
-1168
-1053
-330
-411
19
1119
1446
-549
-1793
-589
1044
1160
-208
-1168
-510
716
887
-294
-1114
-421
810
1317
-249
-1433
-813
595
1094
664
495
-59
-1645
-2277
-270
2345
2608
1723
941
-1880
-4162
-3666
-2030
-26
3106
4905
4674
4510
2709
-665
-2256
-4453
-6634
-5532
-5967
-5979
-4278
-3556
-1026
256
614
2047
1274
2999
4499
4942
5441
3598
3767
2492
4556
7111
9588
11314
